music_volume = 0.8066666666666666
sounds_volume = 0.19333333333333333
